(kicad_pcb (version 20171130) (host pcbnew 5.1.10-88a1d61d58~88~ubuntu20.04.1)

  (general
    (thickness 1.6)
    (drawings 4)
    (tracks 180)
    (zones 0)
    (modules 29)
    (nets 31)
  )

  (page A4)
  (layers
    (0 F.Cu signal)
    (31 B.Cu signal)
    (32 B.Adhes user)
    (33 F.Adhes user)
    (34 B.Paste user)
    (35 F.Paste user)
    (36 B.SilkS user)
    (37 F.SilkS user)
    (38 B.Mask user)
    (39 F.Mask user)
    (40 Dwgs.User user)
    (41 Cmts.User user)
    (42 Eco1.User user)
    (43 Eco2.User user)
    (44 Edge.Cuts user)
    (45 Margin user)
    (46 B.CrtYd user)
    (47 F.CrtYd user)
    (48 B.Fab user)
    (49 F.Fab user)
  )

  (setup
    (last_trace_width 0.4)
    (user_trace_width 0.0762)
    (user_trace_width 0.0889)
    (user_trace_width 0.091186)
    (user_trace_width 0.101346)
    (user_trace_width 0.1016)
    (user_trace_width 0.10668)
    (user_trace_width 0.121666)
    (user_trace_width 0.12192)
    (user_trace_width 0.126746)
    (user_trace_width 0.127)
    (user_trace_width 0.1397)
    (user_trace_width 0.15)
    (user_trace_width 0.2)
    (user_trace_width 0.254)
    (user_trace_width 0.3)
    (user_trace_width 0.35)
    (user_trace_width 0.4)
    (user_trace_width 0.5)
    (user_trace_width 0.75)
    (user_trace_width 1)
    (trace_clearance 0.127)
    (zone_clearance 0.508)
    (zone_45_only no)
    (trace_min 0.0762)
    (via_size 0.4572)
    (via_drill 0.254)
    (via_min_size 0.3048)
    (via_min_drill 0.1016)
    (user_via 0.4 0.2)
    (user_via 0.4064 0.2)
    (user_via 0.4572 0.254)
    (user_via 0.5 0.3)
    (user_via 0.6 0.2)
    (user_via 0.7 0.4)
    (user_via 1 0.4)
    (uvia_size 0.4572)
    (uvia_drill 0.254)
    (uvias_allowed no)
    (uvia_min_size 0.2)
    (uvia_min_drill 0.1)
    (edge_width 0.15)
    (segment_width 0.2)
    (pcb_text_width 0.3)
    (pcb_text_size 1.5 1.5)
    (mod_edge_width 0.1)
    (mod_text_size 0.5 0.5)
    (mod_text_width 0.1)
    (pad_size 0.508 0.508)
    (pad_drill 0.254)
    (pad_to_mask_clearance 0.0508)
    (solder_mask_min_width 0.1016)
    (aux_axis_origin 0 0)
    (visible_elements FFFFFF7F)
    (pcbplotparams
      (layerselection 0x010fc_ffffffff)
      (usegerberextensions false)
      (usegerberattributes true)
      (usegerberadvancedattributes true)
      (creategerberjobfile true)
      (excludeedgelayer true)
      (linewidth 0.100000)
      (plotframeref false)
      (viasonmask false)
      (mode 1)
      (useauxorigin false)
      (hpglpennumber 1)
      (hpglpenspeed 20)
      (hpglpendiameter 15.000000)
      (psnegative false)
      (psa4output false)
      (plotreference true)
      (plotvalue true)
      (plotinvisibletext false)
      (padsonsilk false)
      (subtractmaskfromsilk false)
      (outputformat 1)
      (mirror false)
      (drillshape 1)
      (scaleselection 1)
      (outputdirectory ""))
  )

  (net 0 "")
  (net 1 VBUS)
  (net 2 GND)
  (net 3 /D+)
  (net 4 /D-)
  (net 5 +3V3)
  (net 6 +1V8)
  (net 7 "Net-(D1-Pad1)")
  (net 8 "Net-(D2-Pad1)")
  (net 9 "Net-(FB1-Pad2)")
  (net 10 "Net-(IC1-Pad4)")
  (net 11 "Net-(J1-PadA5)")
  (net 12 "Net-(J1-PadB8)")
  (net 13 "Net-(J1-PadA8)")
  (net 14 "Net-(J1-PadB5)")
  (net 15 /CTS)
  (net 16 /RTS)
  (net 17 /VCC_KIMCHI)
  (net 18 "Net-(J3-Pad2)")
  (net 19 /RX)
  (net 20 "Net-(J3-Pad4)")
  (net 21 /VCCIO)
  (net 22 /D1+)
  (net 23 /D1-)
  (net 24 /TX)
  (net 25 "Net-(R7-Pad1)")
  (net 26 "Net-(R8-Pad2)")
  (net 27 "Net-(U1-Pad2)")
  (net 28 "Net-(U1-Pad5)")
  (net 29 "Net-(U2-Pad15)")
  (net 30 "Net-(U2-Pad16)")

  (net_class Default "This is the default net class."
    (clearance 0.127)
    (trace_width 0.127)
    (via_dia 0.4572)
    (via_drill 0.254)
    (uvia_dia 0.4572)
    (uvia_drill 0.254)
    (diff_pair_width 0.127)
    (diff_pair_gap 0.127)
    (add_net +1V8)
    (add_net +3V3)
    (add_net /CTS)
    (add_net /D+)
    (add_net /D-)
    (add_net /D1+)
    (add_net /D1-)
    (add_net /RTS)
    (add_net /RX)
    (add_net /TX)
    (add_net /VCCIO)
    (add_net /VCC_KIMCHI)
    (add_net GND)
    (add_net "Net-(D1-Pad1)")
    (add_net "Net-(D2-Pad1)")
    (add_net "Net-(FB1-Pad2)")
    (add_net "Net-(IC1-Pad4)")
    (add_net "Net-(J1-PadA5)")
    (add_net "Net-(J1-PadA8)")
    (add_net "Net-(J1-PadB5)")
    (add_net "Net-(J1-PadB8)")
    (add_net "Net-(J3-Pad2)")
    (add_net "Net-(J3-Pad4)")
    (add_net "Net-(R7-Pad1)")
    (add_net "Net-(R8-Pad2)")
    (add_net "Net-(U1-Pad2)")
    (add_net "Net-(U1-Pad5)")
    (add_net "Net-(U2-Pad15)")
    (add_net "Net-(U2-Pad16)")
    (add_net VBUS)
  )

  (net_class CSI/DSI ""
    (clearance 0.127)
    (trace_width 0.121666)
    (via_dia 0.4)
    (via_drill 0.2)
    (uvia_dia 0.3)
    (uvia_drill 0.1)
    (diff_pair_width 0.086106)
    (diff_pair_gap 0.10414)
  )

  (net_class PCIE ""
    (clearance 0.127)
    (trace_width 0.121666)
    (via_dia 0.4)
    (via_drill 0.2)
    (uvia_dia 0.3)
    (uvia_drill 0.1)
    (diff_pair_width 0.126746)
    (diff_pair_gap 0.1016)
  )

  (net_class USB ""
    (clearance 0.127)
    (trace_width 0.121666)
    (via_dia 0.4)
    (via_drill 0.2)
    (uvia_dia 0.3)
    (uvia_drill 0.1)
    (diff_pair_width 0.101346)
    (diff_pair_gap 0.0889)
  )

  (module USB-TYPE-C:HRO_TYPE-C-31-M-12 (layer F.Cu) (tedit 6025415B) (tstamp 60C6051A)
    (at 135.95 100.38 270)
    (path /60B25C68)
    (fp_text reference J1 (at -1.825 -7.435 90) (layer F.SilkS)
      (effects (font (size 1 1) (thickness 0.015)))
    )
    (fp_text value TYPE-C-31-M-12 (at 6.43 4.135 90) (layer F.Fab)
      (effects (font (size 1 1) (thickness 0.015)))
    )
    (fp_circle (center -3.4 -6.4) (end -3.3 -6.4) (layer F.SilkS) (width 0.2))
    (fp_circle (center -3.4 -6.4) (end -3.3 -6.4) (layer F.Fab) (width 0.2))
    (fp_line (start -5.095 -6.07) (end -5.095 2.85) (layer F.CrtYd) (width 0.05))
    (fp_line (start 5.095 -6.07) (end -5.095 -6.07) (layer F.CrtYd) (width 0.05))
    (fp_line (start 5.095 2.85) (end 5.095 -6.07) (layer F.CrtYd) (width 0.05))
    (fp_line (start -5.095 2.85) (end 5.095 2.85) (layer F.CrtYd) (width 0.05))
    (fp_line (start -4.47 2.6) (end -4.47 1.37) (layer F.SilkS) (width 0.127))
    (fp_line (start 4.47 2.6) (end -4.47 2.6) (layer F.SilkS) (width 0.127))
    (fp_line (start 4.47 1.37) (end 4.47 2.6) (layer F.SilkS) (width 0.127))
    (fp_line (start 4.47 -2.81) (end 4.47 -1.37) (layer F.SilkS) (width 0.127))
    (fp_line (start -4.47 -2.81) (end -4.47 -1.37) (layer F.SilkS) (width 0.127))
    (fp_line (start -4.47 -4.7) (end -4.47 2.6) (layer F.Fab) (width 0.127))
    (fp_line (start 4.47 -4.7) (end -4.47 -4.7) (layer F.Fab) (width 0.127))
    (fp_line (start 4.47 2.6) (end 4.47 -4.7) (layer F.Fab) (width 0.127))
    (fp_line (start -4.47 2.6) (end 4.47 2.6) (layer F.Fab) (width 0.127))
    (pad A1B12 smd rect (at -3.25 -5.095 270) (size 0.6 1.45) (layers F.Cu F.Paste F.Mask)
      (net 2 GND))
    (pad A4B9 smd rect (at -2.45 -5.095 270) (size 0.6 1.45) (layers F.Cu F.Paste F.Mask)
      (net 9 "Net-(FB1-Pad2)"))
    (pad A6 smd rect (at -0.25 -5.095 270) (size 0.3 1.45) (layers F.Cu F.Paste F.Mask)
      (net 3 /D+))
    (pad B7 smd rect (at -0.75 -5.095 270) (size 0.3 1.45) (layers F.Cu F.Paste F.Mask)
      (net 4 /D-))
    (pad A5 smd rect (at -1.25 -5.095 270) (size 0.3 1.45) (layers F.Cu F.Paste F.Mask)
      (net 11 "Net-(J1-PadA5)"))
    (pad B8 smd rect (at -1.75 -5.095 270) (size 0.3 1.45) (layers F.Cu F.Paste F.Mask)
      (net 12 "Net-(J1-PadB8)"))
    (pad A7 smd rect (at 0.25 -5.095 270) (size 0.3 1.45) (layers F.Cu F.Paste F.Mask)
      (net 4 /D-))
    (pad B6 smd rect (at 0.75 -5.095 270) (size 0.3 1.45) (layers F.Cu F.Paste F.Mask)
      (net 3 /D+))
    (pad A8 smd rect (at 1.25 -5.095 270) (size 0.3 1.45) (layers F.Cu F.Paste F.Mask)
      (net 13 "Net-(J1-PadA8)"))
    (pad B5 smd rect (at 1.75 -5.095 270) (size 0.3 1.45) (layers F.Cu F.Paste F.Mask)
      (net 14 "Net-(J1-PadB5)"))
    (pad B4A9 smd rect (at 2.45 -5.095 270) (size 0.6 1.45) (layers F.Cu F.Paste F.Mask)
      (net 9 "Net-(FB1-Pad2)"))
    (pad B1A12 smd rect (at 3.25 -5.095 270) (size 0.6 1.45) (layers F.Cu F.Paste F.Mask)
      (net 2 GND))
    (pad S1 thru_hole oval (at -4.32 -4.18 270) (size 1.05 2.1) (drill oval 0.65 1.75) (layers *.Cu *.Mask)
      (net 2 GND))
    (pad S2 thru_hole oval (at 4.32 -4.18 270) (size 1.05 2.1) (drill oval 0.65 1.75) (layers *.Cu *.Mask)
      (net 2 GND))
    (pad S3 thru_hole oval (at -4.32 0 270) (size 1.05 2.1) (drill oval 0.65 1.25) (layers *.Cu *.Mask)
      (net 2 GND))
    (pad S4 thru_hole oval (at 4.32 0 270) (size 1.05 2.1) (drill oval 0.65 1.25) (layers *.Cu *.Mask)
      (net 2 GND))
    (pad None np_thru_hole circle (at -2.89 -3.65 270) (size 0.7 0.7) (drill 0.7) (layers *.Cu *.Mask))
    (pad None np_thru_hole circle (at 2.89 -3.65 270) (size 0.7 0.7) (drill 0.7) (layers *.Cu *.Mask))
  )

  (module Capacitor_SMD:C_0603_1608Metric (layer F.Cu) (tedit 5F68FEEE) (tstamp 60C6041F)
    (at 140.54 92.01 180)
    (descr "Capacitor SMD 0603 (1608 Metric), square (rectangular) end terminal, IPC_7351 nominal, (Body size source: IPC-SM-782 page 76, https://www.pcb-3d.com/wordpress/wp-content/uploads/ipc-sm-782a_amendment_1_and_2.pdf), generated with kicad-footprint-generator")
    (tags capacitor)
    (path /60B87F33)
    (attr smd)
    (fp_text reference C1 (at 0 -1.43) (layer F.SilkS)
      (effects (font (size 1 1) (thickness 0.15)))
    )
    (fp_text value "0.1 uF" (at 0 1.43) (layer F.Fab)
      (effects (font (size 1 1) (thickness 0.15)))
    )
    (fp_line (start 1.48 0.73) (end -1.48 0.73) (layer F.CrtYd) (width 0.05))
    (fp_line (start 1.48 -0.73) (end 1.48 0.73) (layer F.CrtYd) (width 0.05))
    (fp_line (start -1.48 -0.73) (end 1.48 -0.73) (layer F.CrtYd) (width 0.05))
    (fp_line (start -1.48 0.73) (end -1.48 -0.73) (layer F.CrtYd) (width 0.05))
    (fp_line (start -0.14058 0.51) (end 0.14058 0.51) (layer F.SilkS) (width 0.12))
    (fp_line (start -0.14058 -0.51) (end 0.14058 -0.51) (layer F.SilkS) (width 0.12))
    (fp_line (start 0.8 0.4) (end -0.8 0.4) (layer F.Fab) (width 0.1))
    (fp_line (start 0.8 -0.4) (end 0.8 0.4) (layer F.Fab) (width 0.1))
    (fp_line (start -0.8 -0.4) (end 0.8 -0.4) (layer F.Fab) (width 0.1))
    (fp_line (start -0.8 0.4) (end -0.8 -0.4) (layer F.Fab) (width 0.1))
    (fp_text user %R (at 0 0) (layer F.Fab)
      (effects (font (size 0.4 0.4) (thickness 0.06)))
    )
    (pad 1 smd roundrect (at -0.775 0 180) (size 0.9 0.95) (layers F.Cu F.Paste F.Mask) (roundrect_rratio 0.25)
      (net 1 VBUS))
    (pad 2 smd roundrect (at 0.775 0 180) (size 0.9 0.95) (layers F.Cu F.Paste F.Mask) (roundrect_rratio 0.25)
      (net 2 GND))
    (model ${KISYS3DMOD}/Capacitor_SMD.3dshapes/C_0603_1608Metric.wrl
      (at (xyz 0 0 0))
      (scale (xyz 1 1 1))
      (rotate (xyz 0 0 0))
    )
  )

  (module Capacitor_SMD:C_0603_1608Metric (layer F.Cu) (tedit 5F68FEEE) (tstamp 60C633A7)
    (at 147.73 93.13 180)
    (descr "Capacitor SMD 0603 (1608 Metric), square (rectangular) end terminal, IPC_7351 nominal, (Body size source: IPC-SM-782 page 76, https://www.pcb-3d.com/wordpress/wp-content/uploads/ipc-sm-782a_amendment_1_and_2.pdf), generated with kicad-footprint-generator")
    (tags capacitor)
    (path /60BAE52B)
    (attr smd)
    (fp_text reference C2 (at 0 -1.43) (layer F.SilkS)
      (effects (font (size 1 1) (thickness 0.15)))
    )
    (fp_text value 0.1uF (at 0 1.43) (layer F.Fab)
      (effects (font (size 1 1) (thickness 0.15)))
    )
    (fp_text user %R (at 0 0) (layer F.Fab)
      (effects (font (size 0.4 0.4) (thickness 0.06)))
    )
    (fp_line (start -0.8 0.4) (end -0.8 -0.4) (layer F.Fab) (width 0.1))
    (fp_line (start -0.8 -0.4) (end 0.8 -0.4) (layer F.Fab) (width 0.1))
    (fp_line (start 0.8 -0.4) (end 0.8 0.4) (layer F.Fab) (width 0.1))
    (fp_line (start 0.8 0.4) (end -0.8 0.4) (layer F.Fab) (width 0.1))
    (fp_line (start -0.14058 -0.51) (end 0.14058 -0.51) (layer F.SilkS) (width 0.12))
    (fp_line (start -0.14058 0.51) (end 0.14058 0.51) (layer F.SilkS) (width 0.12))
    (fp_line (start -1.48 0.73) (end -1.48 -0.73) (layer F.CrtYd) (width 0.05))
    (fp_line (start -1.48 -0.73) (end 1.48 -0.73) (layer F.CrtYd) (width 0.05))
    (fp_line (start 1.48 -0.73) (end 1.48 0.73) (layer F.CrtYd) (width 0.05))
    (fp_line (start 1.48 0.73) (end -1.48 0.73) (layer F.CrtYd) (width 0.05))
    (pad 2 smd roundrect (at 0.775 0 180) (size 0.9 0.95) (layers F.Cu F.Paste F.Mask) (roundrect_rratio 0.25)
      (net 2 GND))
    (pad 1 smd roundrect (at -0.775 0 180) (size 0.9 0.95) (layers F.Cu F.Paste F.Mask) (roundrect_rratio 0.25)
      (net 1 VBUS))
    (model ${KISYS3DMOD}/Capacitor_SMD.3dshapes/C_0603_1608Metric.wrl
      (at (xyz 0 0 0))
      (scale (xyz 1 1 1))
      (rotate (xyz 0 0 0))
    )
  )

  (module Capacitor_SMD:C_0603_1608Metric (layer F.Cu) (tedit 5F68FEEE) (tstamp 60C60441)
    (at 145.68 104.005 270)
    (descr "Capacitor SMD 0603 (1608 Metric), square (rectangular) end terminal, IPC_7351 nominal, (Body size source: IPC-SM-782 page 76, https://www.pcb-3d.com/wordpress/wp-content/uploads/ipc-sm-782a_amendment_1_and_2.pdf), generated with kicad-footprint-generator")
    (tags capacitor)
    (path /60B5D364)
    (attr smd)
    (fp_text reference C3 (at 0 -1.43 90) (layer F.SilkS)
      (effects (font (size 1 1) (thickness 0.15)))
    )
    (fp_text value "47 pF" (at 0 1.43 90) (layer F.Fab)
      (effects (font (size 1 1) (thickness 0.15)))
    )
    (fp_line (start 1.48 0.73) (end -1.48 0.73) (layer F.CrtYd) (width 0.05))
    (fp_line (start 1.48 -0.73) (end 1.48 0.73) (layer F.CrtYd) (width 0.05))
    (fp_line (start -1.48 -0.73) (end 1.48 -0.73) (layer F.CrtYd) (width 0.05))
    (fp_line (start -1.48 0.73) (end -1.48 -0.73) (layer F.CrtYd) (width 0.05))
    (fp_line (start -0.14058 0.51) (end 0.14058 0.51) (layer F.SilkS) (width 0.12))
    (fp_line (start -0.14058 -0.51) (end 0.14058 -0.51) (layer F.SilkS) (width 0.12))
    (fp_line (start 0.8 0.4) (end -0.8 0.4) (layer F.Fab) (width 0.1))
    (fp_line (start 0.8 -0.4) (end 0.8 0.4) (layer F.Fab) (width 0.1))
    (fp_line (start -0.8 -0.4) (end 0.8 -0.4) (layer F.Fab) (width 0.1))
    (fp_line (start -0.8 0.4) (end -0.8 -0.4) (layer F.Fab) (width 0.1))
    (fp_text user %R (at 0 0 90) (layer F.Fab)
      (effects (font (size 0.4 0.4) (thickness 0.06)))
    )
    (pad 1 smd roundrect (at -0.775 0 270) (size 0.9 0.95) (layers F.Cu F.Paste F.Mask) (roundrect_rratio 0.25)
      (net 3 /D+))
    (pad 2 smd roundrect (at 0.775 0 270) (size 0.9 0.95) (layers F.Cu F.Paste F.Mask) (roundrect_rratio 0.25)
      (net 2 GND))
    (model ${KISYS3DMOD}/Capacitor_SMD.3dshapes/C_0603_1608Metric.wrl
      (at (xyz 0 0 0))
      (scale (xyz 1 1 1))
      (rotate (xyz 0 0 0))
    )
  )

  (module Capacitor_SMD:C_0603_1608Metric (layer F.Cu) (tedit 5F68FEEE) (tstamp 60C62E9C)
    (at 145.67 96.77 90)
    (descr "Capacitor SMD 0603 (1608 Metric), square (rectangular) end terminal, IPC_7351 nominal, (Body size source: IPC-SM-782 page 76, https://www.pcb-3d.com/wordpress/wp-content/uploads/ipc-sm-782a_amendment_1_and_2.pdf), generated with kicad-footprint-generator")
    (tags capacitor)
    (path /60B5D53B)
    (attr smd)
    (fp_text reference C4 (at 0 -1.43 90) (layer F.SilkS)
      (effects (font (size 1 1) (thickness 0.15)))
    )
    (fp_text value "47 pF" (at 0 1.43 90) (layer F.Fab)
      (effects (font (size 1 1) (thickness 0.15)))
    )
    (fp_text user %R (at 0 0 90) (layer F.Fab)
      (effects (font (size 0.4 0.4) (thickness 0.06)))
    )
    (fp_line (start -0.8 0.4) (end -0.8 -0.4) (layer F.Fab) (width 0.1))
    (fp_line (start -0.8 -0.4) (end 0.8 -0.4) (layer F.Fab) (width 0.1))
    (fp_line (start 0.8 -0.4) (end 0.8 0.4) (layer F.Fab) (width 0.1))
    (fp_line (start 0.8 0.4) (end -0.8 0.4) (layer F.Fab) (width 0.1))
    (fp_line (start -0.14058 -0.51) (end 0.14058 -0.51) (layer F.SilkS) (width 0.12))
    (fp_line (start -0.14058 0.51) (end 0.14058 0.51) (layer F.SilkS) (width 0.12))
    (fp_line (start -1.48 0.73) (end -1.48 -0.73) (layer F.CrtYd) (width 0.05))
    (fp_line (start -1.48 -0.73) (end 1.48 -0.73) (layer F.CrtYd) (width 0.05))
    (fp_line (start 1.48 -0.73) (end 1.48 0.73) (layer F.CrtYd) (width 0.05))
    (fp_line (start 1.48 0.73) (end -1.48 0.73) (layer F.CrtYd) (width 0.05))
    (pad 2 smd roundrect (at 0.775 0 90) (size 0.9 0.95) (layers F.Cu F.Paste F.Mask) (roundrect_rratio 0.25)
      (net 2 GND))
    (pad 1 smd roundrect (at -0.775 0 90) (size 0.9 0.95) (layers F.Cu F.Paste F.Mask) (roundrect_rratio 0.25)
      (net 4 /D-))
    (model ${KISYS3DMOD}/Capacitor_SMD.3dshapes/C_0603_1608Metric.wrl
      (at (xyz 0 0 0))
      (scale (xyz 1 1 1))
      (rotate (xyz 0 0 0))
    )
  )

  (module Capacitor_SMD:C_0603_1608Metric (layer F.Cu) (tedit 5F68FEEE) (tstamp 60C60463)
    (at 147.9 105.915 270)
    (descr "Capacitor SMD 0603 (1608 Metric), square (rectangular) end terminal, IPC_7351 nominal, (Body size source: IPC-SM-782 page 76, https://www.pcb-3d.com/wordpress/wp-content/uploads/ipc-sm-782a_amendment_1_and_2.pdf), generated with kicad-footprint-generator")
    (tags capacitor)
    (path /60CC9DC8)
    (attr smd)
    (fp_text reference C5 (at 0 -1.43 90) (layer F.SilkS)
      (effects (font (size 1 1) (thickness 0.15)))
    )
    (fp_text value "1 uF" (at 0 1.43 90) (layer F.Fab)
      (effects (font (size 1 1) (thickness 0.15)))
    )
    (fp_text user %R (at 0 0 90) (layer F.Fab)
      (effects (font (size 0.4 0.4) (thickness 0.06)))
    )
    (fp_line (start -0.8 0.4) (end -0.8 -0.4) (layer F.Fab) (width 0.1))
    (fp_line (start -0.8 -0.4) (end 0.8 -0.4) (layer F.Fab) (width 0.1))
    (fp_line (start 0.8 -0.4) (end 0.8 0.4) (layer F.Fab) (width 0.1))
    (fp_line (start 0.8 0.4) (end -0.8 0.4) (layer F.Fab) (width 0.1))
    (fp_line (start -0.14058 -0.51) (end 0.14058 -0.51) (layer F.SilkS) (width 0.12))
    (fp_line (start -0.14058 0.51) (end 0.14058 0.51) (layer F.SilkS) (width 0.12))
    (fp_line (start -1.48 0.73) (end -1.48 -0.73) (layer F.CrtYd) (width 0.05))
    (fp_line (start -1.48 -0.73) (end 1.48 -0.73) (layer F.CrtYd) (width 0.05))
    (fp_line (start 1.48 -0.73) (end 1.48 0.73) (layer F.CrtYd) (width 0.05))
    (fp_line (start 1.48 0.73) (end -1.48 0.73) (layer F.CrtYd) (width 0.05))
    (pad 2 smd roundrect (at 0.775 0 270) (size 0.9 0.95) (layers F.Cu F.Paste F.Mask) (roundrect_rratio 0.25)
      (net 2 GND))
    (pad 1 smd roundrect (at -0.775 0 270) (size 0.9 0.95) (layers F.Cu F.Paste F.Mask) (roundrect_rratio 0.25)
      (net 1 VBUS))
    (model ${KISYS3DMOD}/Capacitor_SMD.3dshapes/C_0603_1608Metric.wrl
      (at (xyz 0 0 0))
      (scale (xyz 1 1 1))
      (rotate (xyz 0 0 0))
    )
  )

  (module Capacitor_SMD:C_0603_1608Metric (layer F.Cu) (tedit 5F68FEEE) (tstamp 60C60474)
    (at 159.28 95.4)
    (descr "Capacitor SMD 0603 (1608 Metric), square (rectangular) end terminal, IPC_7351 nominal, (Body size source: IPC-SM-782 page 76, https://www.pcb-3d.com/wordpress/wp-content/uploads/ipc-sm-782a_amendment_1_and_2.pdf), generated with kicad-footprint-generator")
    (tags capacitor)
    (path /60C3354F)
    (attr smd)
    (fp_text reference C6 (at 0 -1.43) (layer F.SilkS)
      (effects (font (size 1 1) (thickness 0.15)))
    )
    (fp_text value "0.1 uF" (at 0 1.43) (layer F.Fab)
      (effects (font (size 1 1) (thickness 0.15)))
    )
    (fp_line (start 1.48 0.73) (end -1.48 0.73) (layer F.CrtYd) (width 0.05))
    (fp_line (start 1.48 -0.73) (end 1.48 0.73) (layer F.CrtYd) (width 0.05))
    (fp_line (start -1.48 -0.73) (end 1.48 -0.73) (layer F.CrtYd) (width 0.05))
    (fp_line (start -1.48 0.73) (end -1.48 -0.73) (layer F.CrtYd) (width 0.05))
    (fp_line (start -0.14058 0.51) (end 0.14058 0.51) (layer F.SilkS) (width 0.12))
    (fp_line (start -0.14058 -0.51) (end 0.14058 -0.51) (layer F.SilkS) (width 0.12))
    (fp_line (start 0.8 0.4) (end -0.8 0.4) (layer F.Fab) (width 0.1))
    (fp_line (start 0.8 -0.4) (end 0.8 0.4) (layer F.Fab) (width 0.1))
    (fp_line (start -0.8 -0.4) (end 0.8 -0.4) (layer F.Fab) (width 0.1))
    (fp_line (start -0.8 0.4) (end -0.8 -0.4) (layer F.Fab) (width 0.1))
    (fp_text user %R (at 0 0) (layer F.Fab)
      (effects (font (size 0.4 0.4) (thickness 0.06)))
    )
    (pad 1 smd roundrect (at -0.775 0) (size 0.9 0.95) (layers F.Cu F.Paste F.Mask) (roundrect_rratio 0.25)
      (net 5 +3V3))
    (pad 2 smd roundrect (at 0.775 0) (size 0.9 0.95) (layers F.Cu F.Paste F.Mask) (roundrect_rratio 0.25)
      (net 2 GND))
    (model ${KISYS3DMOD}/Capacitor_SMD.3dshapes/C_0603_1608Metric.wrl
      (at (xyz 0 0 0))
      (scale (xyz 1 1 1))
      (rotate (xyz 0 0 0))
    )
  )

  (module Capacitor_SMD:C_0603_1608Metric (layer F.Cu) (tedit 5F68FEEE) (tstamp 60C60485)
    (at 154.09 105.92 270)
    (descr "Capacitor SMD 0603 (1608 Metric), square (rectangular) end terminal, IPC_7351 nominal, (Body size source: IPC-SM-782 page 76, https://www.pcb-3d.com/wordpress/wp-content/uploads/ipc-sm-782a_amendment_1_and_2.pdf), generated with kicad-footprint-generator")
    (tags capacitor)
    (path /60CCEDBA)
    (attr smd)
    (fp_text reference C7 (at 0 -1.43 90) (layer F.SilkS)
      (effects (font (size 1 1) (thickness 0.15)))
    )
    (fp_text value "1 uF" (at 0 1.43 90) (layer F.Fab)
      (effects (font (size 1 1) (thickness 0.15)))
    )
    (fp_line (start 1.48 0.73) (end -1.48 0.73) (layer F.CrtYd) (width 0.05))
    (fp_line (start 1.48 -0.73) (end 1.48 0.73) (layer F.CrtYd) (width 0.05))
    (fp_line (start -1.48 -0.73) (end 1.48 -0.73) (layer F.CrtYd) (width 0.05))
    (fp_line (start -1.48 0.73) (end -1.48 -0.73) (layer F.CrtYd) (width 0.05))
    (fp_line (start -0.14058 0.51) (end 0.14058 0.51) (layer F.SilkS) (width 0.12))
    (fp_line (start -0.14058 -0.51) (end 0.14058 -0.51) (layer F.SilkS) (width 0.12))
    (fp_line (start 0.8 0.4) (end -0.8 0.4) (layer F.Fab) (width 0.1))
    (fp_line (start 0.8 -0.4) (end 0.8 0.4) (layer F.Fab) (width 0.1))
    (fp_line (start -0.8 -0.4) (end 0.8 -0.4) (layer F.Fab) (width 0.1))
    (fp_line (start -0.8 0.4) (end -0.8 -0.4) (layer F.Fab) (width 0.1))
    (fp_text user %R (at 0 0 90) (layer F.Fab)
      (effects (font (size 0.4 0.4) (thickness 0.06)))
    )
    (pad 1 smd roundrect (at -0.775 0 270) (size 0.9 0.95) (layers F.Cu F.Paste F.Mask) (roundrect_rratio 0.25)
      (net 6 +1V8))
    (pad 2 smd roundrect (at 0.775 0 270) (size 0.9 0.95) (layers F.Cu F.Paste F.Mask) (roundrect_rratio 0.25)
      (net 2 GND))
    (model ${KISYS3DMOD}/Capacitor_SMD.3dshapes/C_0603_1608Metric.wrl
      (at (xyz 0 0 0))
      (scale (xyz 1 1 1))
      (rotate (xyz 0 0 0))
    )
  )

  (module Capacitor_SMD:C_0603_1608Metric (layer F.Cu) (tedit 5F68FEEE) (tstamp 60C60496)
    (at 155.81 93.88 180)
    (descr "Capacitor SMD 0603 (1608 Metric), square (rectangular) end terminal, IPC_7351 nominal, (Body size source: IPC-SM-782 page 76, https://www.pcb-3d.com/wordpress/wp-content/uploads/ipc-sm-782a_amendment_1_and_2.pdf), generated with kicad-footprint-generator")
    (tags capacitor)
    (path /60BF6816)
    (attr smd)
    (fp_text reference C8 (at 0 -1.43) (layer F.SilkS)
      (effects (font (size 1 1) (thickness 0.15)))
    )
    (fp_text value "0.1 uF" (at 0 1.43) (layer F.Fab)
      (effects (font (size 1 1) (thickness 0.15)))
    )
    (fp_line (start 1.48 0.73) (end -1.48 0.73) (layer F.CrtYd) (width 0.05))
    (fp_line (start 1.48 -0.73) (end 1.48 0.73) (layer F.CrtYd) (width 0.05))
    (fp_line (start -1.48 -0.73) (end 1.48 -0.73) (layer F.CrtYd) (width 0.05))
    (fp_line (start -1.48 0.73) (end -1.48 -0.73) (layer F.CrtYd) (width 0.05))
    (fp_line (start -0.14058 0.51) (end 0.14058 0.51) (layer F.SilkS) (width 0.12))
    (fp_line (start -0.14058 -0.51) (end 0.14058 -0.51) (layer F.SilkS) (width 0.12))
    (fp_line (start 0.8 0.4) (end -0.8 0.4) (layer F.Fab) (width 0.1))
    (fp_line (start 0.8 -0.4) (end 0.8 0.4) (layer F.Fab) (width 0.1))
    (fp_line (start -0.8 -0.4) (end 0.8 -0.4) (layer F.Fab) (width 0.1))
    (fp_line (start -0.8 0.4) (end -0.8 -0.4) (layer F.Fab) (width 0.1))
    (fp_text user %R (at 0 0) (layer F.Fab)
      (effects (font (size 0.4 0.4) (thickness 0.06)))
    )
    (pad 1 smd roundrect (at -0.775 0 180) (size 0.9 0.95) (layers F.Cu F.Paste F.Mask) (roundrect_rratio 0.25)
      (net 1 VBUS))
    (pad 2 smd roundrect (at 0.775 0 180) (size 0.9 0.95) (layers F.Cu F.Paste F.Mask) (roundrect_rratio 0.25)
      (net 2 GND))
    (model ${KISYS3DMOD}/Capacitor_SMD.3dshapes/C_0603_1608Metric.wrl
      (at (xyz 0 0 0))
      (scale (xyz 1 1 1))
      (rotate (xyz 0 0 0))
    )
  )

  (module Capacitor_SMD:C_0603_1608Metric (layer F.Cu) (tedit 5F68FEEE) (tstamp 60C604A7)
    (at 155.81 95.24 180)
    (descr "Capacitor SMD 0603 (1608 Metric), square (rectangular) end terminal, IPC_7351 nominal, (Body size source: IPC-SM-782 page 76, https://www.pcb-3d.com/wordpress/wp-content/uploads/ipc-sm-782a_amendment_1_and_2.pdf), generated with kicad-footprint-generator")
    (tags capacitor)
    (path /60C0E42B)
    (attr smd)
    (fp_text reference C9 (at 0 -1.43) (layer F.SilkS)
      (effects (font (size 1 1) (thickness 0.15)))
    )
    (fp_text value "4.7 uF" (at 0 1.43) (layer F.Fab)
      (effects (font (size 1 1) (thickness 0.15)))
    )
    (fp_text user %R (at 0 0) (layer F.Fab)
      (effects (font (size 0.4 0.4) (thickness 0.06)))
    )
    (fp_line (start -0.8 0.4) (end -0.8 -0.4) (layer F.Fab) (width 0.1))
    (fp_line (start -0.8 -0.4) (end 0.8 -0.4) (layer F.Fab) (width 0.1))
    (fp_line (start 0.8 -0.4) (end 0.8 0.4) (layer F.Fab) (width 0.1))
    (fp_line (start 0.8 0.4) (end -0.8 0.4) (layer F.Fab) (width 0.1))
    (fp_line (start -0.14058 -0.51) (end 0.14058 -0.51) (layer F.SilkS) (width 0.12))
    (fp_line (start -0.14058 0.51) (end 0.14058 0.51) (layer F.SilkS) (width 0.12))
    (fp_line (start -1.48 0.73) (end -1.48 -0.73) (layer F.CrtYd) (width 0.05))
    (fp_line (start -1.48 -0.73) (end 1.48 -0.73) (layer F.CrtYd) (width 0.05))
    (fp_line (start 1.48 -0.73) (end 1.48 0.73) (layer F.CrtYd) (width 0.05))
    (fp_line (start 1.48 0.73) (end -1.48 0.73) (layer F.CrtYd) (width 0.05))
    (pad 2 smd roundrect (at 0.775 0 180) (size 0.9 0.95) (layers F.Cu F.Paste F.Mask) (roundrect_rratio 0.25)
      (net 2 GND))
    (pad 1 smd roundrect (at -0.775 0 180) (size 0.9 0.95) (layers F.Cu F.Paste F.Mask) (roundrect_rratio 0.25)
      (net 1 VBUS))
    (model ${KISYS3DMOD}/Capacitor_SMD.3dshapes/C_0603_1608Metric.wrl
      (at (xyz 0 0 0))
      (scale (xyz 1 1 1))
      (rotate (xyz 0 0 0))
    )
  )

  (module LED_SMD:LED_0603_1608Metric (layer F.Cu) (tedit 5F68FEF1) (tstamp 60C66508)
    (at 148.66 97.66 180)
    (descr "LED SMD 0603 (1608 Metric), square (rectangular) end terminal, IPC_7351 nominal, (Body size source: http://www.tortai-tech.com/upload/download/2011102023233369053.pdf), generated with kicad-footprint-generator")
    (tags LED)
    (path /60C61166)
    (attr smd)
    (fp_text reference D1 (at 0 -1.43) (layer F.SilkS)
      (effects (font (size 1 1) (thickness 0.15)))
    )
    (fp_text value LED (at 0 1.43) (layer F.Fab)
      (effects (font (size 1 1) (thickness 0.15)))
    )
    (fp_text user %R (at 0 0) (layer F.Fab)
      (effects (font (size 0.4 0.4) (thickness 0.06)))
    )
    (fp_line (start 0.8 -0.4) (end -0.5 -0.4) (layer F.Fab) (width 0.1))
    (fp_line (start -0.5 -0.4) (end -0.8 -0.1) (layer F.Fab) (width 0.1))
    (fp_line (start -0.8 -0.1) (end -0.8 0.4) (layer F.Fab) (width 0.1))
    (fp_line (start -0.8 0.4) (end 0.8 0.4) (layer F.Fab) (width 0.1))
    (fp_line (start 0.8 0.4) (end 0.8 -0.4) (layer F.Fab) (width 0.1))
    (fp_line (start 0.8 -0.735) (end -1.485 -0.735) (layer F.SilkS) (width 0.12))
    (fp_line (start -1.485 -0.735) (end -1.485 0.735) (layer F.SilkS) (width 0.12))
    (fp_line (start -1.485 0.735) (end 0.8 0.735) (layer F.SilkS) (width 0.12))
    (fp_line (start -1.48 0.73) (end -1.48 -0.73) (layer F.CrtYd) (width 0.05))
    (fp_line (start -1.48 -0.73) (end 1.48 -0.73) (layer F.CrtYd) (width 0.05))
    (fp_line (start 1.48 -0.73) (end 1.48 0.73) (layer F.CrtYd) (width 0.05))
    (fp_line (start 1.48 0.73) (end -1.48 0.73) (layer F.CrtYd) (width 0.05))
    (pad 2 smd roundrect (at 0.7875 0 180) (size 0.875 0.95) (layers F.Cu F.Paste F.Mask) (roundrect_rratio 0.25)
      (net 6 +1V8))
    (pad 1 smd roundrect (at -0.7875 0 180) (size 0.875 0.95) (layers F.Cu F.Paste F.Mask) (roundrect_rratio 0.25)
      (net 7 "Net-(D1-Pad1)"))
    (model ${KISYS3DMOD}/LED_SMD.3dshapes/LED_0603_1608Metric.wrl
      (at (xyz 0 0 0))
      (scale (xyz 1 1 1))
      (rotate (xyz 0 0 0))
    )
  )

  (module LED_SMD:LED_0603_1608Metric (layer F.Cu) (tedit 5F68FEF1) (tstamp 60C604CD)
    (at 148.66 103.1 180)
    (descr "LED SMD 0603 (1608 Metric), square (rectangular) end terminal, IPC_7351 nominal, (Body size source: http://www.tortai-tech.com/upload/download/2011102023233369053.pdf), generated with kicad-footprint-generator")
    (tags LED)
    (path /60C61AA9)
    (attr smd)
    (fp_text reference D2 (at 0 -1.43) (layer F.SilkS)
      (effects (font (size 1 1) (thickness 0.15)))
    )
    (fp_text value LED (at 0 1.43) (layer F.Fab)
      (effects (font (size 1 1) (thickness 0.15)))
    )
    (fp_line (start 1.48 0.73) (end -1.48 0.73) (layer F.CrtYd) (width 0.05))
    (fp_line (start 1.48 -0.73) (end 1.48 0.73) (layer F.CrtYd) (width 0.05))
    (fp_line (start -1.48 -0.73) (end 1.48 -0.73) (layer F.CrtYd) (width 0.05))
    (fp_line (start -1.48 0.73) (end -1.48 -0.73) (layer F.CrtYd) (width 0.05))
    (fp_line (start -1.485 0.735) (end 0.8 0.735) (layer F.SilkS) (width 0.12))
    (fp_line (start -1.485 -0.735) (end -1.485 0.735) (layer F.SilkS) (width 0.12))
    (fp_line (start 0.8 -0.735) (end -1.485 -0.735) (layer F.SilkS) (width 0.12))
    (fp_line (start 0.8 0.4) (end 0.8 -0.4) (layer F.Fab) (width 0.1))
    (fp_line (start -0.8 0.4) (end 0.8 0.4) (layer F.Fab) (width 0.1))
    (fp_line (start -0.8 -0.1) (end -0.8 0.4) (layer F.Fab) (width 0.1))
    (fp_line (start -0.5 -0.4) (end -0.8 -0.1) (layer F.Fab) (width 0.1))
    (fp_line (start 0.8 -0.4) (end -0.5 -0.4) (layer F.Fab) (width 0.1))
    (fp_text user %R (at 0 0) (layer F.Fab)
      (effects (font (size 0.4 0.4) (thickness 0.06)))
    )
    (pad 1 smd roundrect (at -0.7875 0 180) (size 0.875 0.95) (layers F.Cu F.Paste F.Mask) (roundrect_rratio 0.25)
      (net 8 "Net-(D2-Pad1)"))
    (pad 2 smd roundrect (at 0.7875 0 180) (size 0.875 0.95) (layers F.Cu F.Paste F.Mask) (roundrect_rratio 0.25)
      (net 6 +1V8))
    (model ${KISYS3DMOD}/LED_SMD.3dshapes/LED_0603_1608Metric.wrl
      (at (xyz 0 0 0))
      (scale (xyz 1 1 1))
      (rotate (xyz 0 0 0))
    )
  )

  (module Resistor_SMD:R_0603_1608Metric (layer F.Cu) (tedit 5F68FEEE) (tstamp 60C604DE)
    (at 140.54 93.88 180)
    (descr "Resistor SMD 0603 (1608 Metric), square (rectangular) end terminal, IPC_7351 nominal, (Body size source: IPC-SM-782 page 72, https://www.pcb-3d.com/wordpress/wp-content/uploads/ipc-sm-782a_amendment_1_and_2.pdf), generated with kicad-footprint-generator")
    (tags resistor)
    (path /60B4D6E8)
    (attr smd)
    (fp_text reference FB1 (at 0 -1.43) (layer F.SilkS)
      (effects (font (size 1 1) (thickness 0.15)))
    )
    (fp_text value Ferrite_Bead (at 0 1.43) (layer F.Fab)
      (effects (font (size 1 1) (thickness 0.15)))
    )
    (fp_line (start 1.48 0.73) (end -1.48 0.73) (layer F.CrtYd) (width 0.05))
    (fp_line (start 1.48 -0.73) (end 1.48 0.73) (layer F.CrtYd) (width 0.05))
    (fp_line (start -1.48 -0.73) (end 1.48 -0.73) (layer F.CrtYd) (width 0.05))
    (fp_line (start -1.48 0.73) (end -1.48 -0.73) (layer F.CrtYd) (width 0.05))
    (fp_line (start -0.237258 0.5225) (end 0.237258 0.5225) (layer F.SilkS) (width 0.12))
    (fp_line (start -0.237258 -0.5225) (end 0.237258 -0.5225) (layer F.SilkS) (width 0.12))
    (fp_line (start 0.8 0.4125) (end -0.8 0.4125) (layer F.Fab) (width 0.1))
    (fp_line (start 0.8 -0.4125) (end 0.8 0.4125) (layer F.Fab) (width 0.1))
    (fp_line (start -0.8 -0.4125) (end 0.8 -0.4125) (layer F.Fab) (width 0.1))
    (fp_line (start -0.8 0.4125) (end -0.8 -0.4125) (layer F.Fab) (width 0.1))
    (fp_text user %R (at 0 0) (layer F.Fab)
      (effects (font (size 0.4 0.4) (thickness 0.06)))
    )
    (pad 1 smd roundrect (at -0.825 0 180) (size 0.8 0.95) (layers F.Cu F.Paste F.Mask) (roundrect_rratio 0.25)
      (net 1 VBUS))
    (pad 2 smd roundrect (at 0.825 0 180) (size 0.8 0.95) (layers F.Cu F.Paste F.Mask) (roundrect_rratio 0.25)
      (net 9 "Net-(FB1-Pad2)"))
    (model ${KISYS3DMOD}/Resistor_SMD.3dshapes/R_0603_1608Metric.wrl
      (at (xyz 0 0 0))
      (scale (xyz 1 1 1))
      (rotate (xyz 0 0 0))
    )
  )

  (module MIC5504-1.8YM5-TR:SOT95P280X130-5N (layer F.Cu) (tedit 60B1E1F9) (tstamp 60C604F5)
    (at 150.98 106.19)
    (descr "5-Pin SOT23 (M5)")
    (tags "Integrated Circuit")
    (path /60B291D1)
    (attr smd)
    (fp_text reference IC1 (at 0 0) (layer F.SilkS)
      (effects (font (size 1.27 1.27) (thickness 0.254)))
    )
    (fp_text value MIC5504-1.8YM5-TR (at 0 0) (layer F.SilkS) hide
      (effects (font (size 1.27 1.27) (thickness 0.254)))
    )
    (fp_line (start -2.1 -1.75) (end 2.1 -1.75) (layer Dwgs.User) (width 0.05))
    (fp_line (start 2.1 -1.75) (end 2.1 1.75) (layer Dwgs.User) (width 0.05))
    (fp_line (start 2.1 1.75) (end -2.1 1.75) (layer Dwgs.User) (width 0.05))
    (fp_line (start -2.1 1.75) (end -2.1 -1.75) (layer Dwgs.User) (width 0.05))
    (fp_line (start -0.8 -1.45) (end 0.8 -1.45) (layer Dwgs.User) (width 0.1))
    (fp_line (start 0.8 -1.45) (end 0.8 1.45) (layer Dwgs.User) (width 0.1))
    (fp_line (start 0.8 1.45) (end -0.8 1.45) (layer Dwgs.User) (width 0.1))
    (fp_line (start -0.8 1.45) (end -0.8 -1.45) (layer Dwgs.User) (width 0.1))
    (fp_line (start -0.8 -0.5) (end 0.15 -1.45) (layer Dwgs.User) (width 0.1))
    (fp_line (start -0.3 -1.45) (end 0.3 -1.45) (layer F.SilkS) (width 0.2))
    (fp_line (start 0.3 -1.45) (end 0.3 1.45) (layer F.SilkS) (width 0.2))
    (fp_line (start 0.3 1.45) (end -0.3 1.45) (layer F.SilkS) (width 0.2))
    (fp_line (start -0.3 1.45) (end -0.3 -1.45) (layer F.SilkS) (width 0.2))
    (fp_line (start -1.85 -1.5) (end -0.65 -1.5) (layer F.SilkS) (width 0.2))
    (pad 1 smd rect (at -1.25 -0.95 90) (size 0.6 1.2) (layers F.Cu F.Paste F.Mask)
      (net 1 VBUS))
    (pad 2 smd rect (at -1.25 0 90) (size 0.6 1.2) (layers F.Cu F.Paste F.Mask)
      (net 2 GND))
    (pad 3 smd rect (at -1.25 0.95 90) (size 0.6 1.2) (layers F.Cu F.Paste F.Mask)
      (net 1 VBUS))
    (pad 4 smd rect (at 1.25 0.95 90) (size 0.6 1.2) (layers F.Cu F.Paste F.Mask)
      (net 10 "Net-(IC1-Pad4)"))
    (pad 5 smd rect (at 1.25 -0.95 90) (size 0.6 1.2) (layers F.Cu F.Paste F.Mask)
      (net 6 +1V8))
  )

  (module Connector_PinHeader_2.54mm:PinHeader_1x02_P2.54mm_Vertical_SMD_Pin1Left (layer F.Cu) (tedit 59FED5CC) (tstamp 60C60537)
    (at 170.52 100.46)
    (descr "surface-mounted straight pin header, 1x02, 2.54mm pitch, single row, style 1 (pin 1 left)")
    (tags "Surface mounted pin header SMD 1x02 2.54mm single row style1 pin1 left")
    (path /60D15A60)
    (attr smd)
    (fp_text reference J2 (at 0 -3.6) (layer F.SilkS)
      (effects (font (size 1 1) (thickness 0.15)))
    )
    (fp_text value Conn_01x02 (at 0 3.6) (layer F.Fab)
      (effects (font (size 1 1) (thickness 0.15)))
    )
    (fp_line (start 3.45 -3.05) (end -3.45 -3.05) (layer F.CrtYd) (width 0.05))
    (fp_line (start 3.45 3.05) (end 3.45 -3.05) (layer F.CrtYd) (width 0.05))
    (fp_line (start -3.45 3.05) (end 3.45 3.05) (layer F.CrtYd) (width 0.05))
    (fp_line (start -3.45 -3.05) (end -3.45 3.05) (layer F.CrtYd) (width 0.05))
    (fp_line (start -1.33 -0.51) (end -1.33 2.6) (layer F.SilkS) (width 0.12))
    (fp_line (start 1.33 2.03) (end 1.33 2.6) (layer F.SilkS) (width 0.12))
    (fp_line (start -1.33 -2.6) (end -1.33 -2.03) (layer F.SilkS) (width 0.12))
    (fp_line (start -1.33 -2.03) (end -2.85 -2.03) (layer F.SilkS) (width 0.12))
    (fp_line (start 1.33 -2.6) (end 1.33 0.51) (layer F.SilkS) (width 0.12))
    (fp_line (start -1.33 2.6) (end 1.33 2.6) (layer F.SilkS) (width 0.12))
    (fp_line (start -1.33 -2.6) (end 1.33 -2.6) (layer F.SilkS) (width 0.12))
    (fp_line (start 2.54 1.59) (end 1.27 1.59) (layer F.Fab) (width 0.1))
    (fp_line (start 2.54 0.95) (end 2.54 1.59) (layer F.Fab) (width 0.1))
    (fp_line (start 1.27 0.95) (end 2.54 0.95) (layer F.Fab) (width 0.1))
    (fp_line (start -2.54 -0.95) (end -1.27 -0.95) (layer F.Fab) (width 0.1))
    (fp_line (start -2.54 -1.59) (end -2.54 -0.95) (layer F.Fab) (width 0.1))
    (fp_line (start -1.27 -1.59) (end -2.54 -1.59) (layer F.Fab) (width 0.1))
    (fp_line (start 1.27 -2.54) (end 1.27 2.54) (layer F.Fab) (width 0.1))
    (fp_line (start -1.27 -1.59) (end -0.32 -2.54) (layer F.Fab) (width 0.1))
    (fp_line (start -1.27 2.54) (end -1.27 -1.59) (layer F.Fab) (width 0.1))
    (fp_line (start -0.32 -2.54) (end 1.27 -2.54) (layer F.Fab) (width 0.1))
    (fp_line (start 1.27 2.54) (end -1.27 2.54) (layer F.Fab) (width 0.1))
    (fp_text user %R (at 0 0 90) (layer F.Fab)
      (effects (font (size 1 1) (thickness 0.15)))
    )
    (pad 1 smd rect (at -1.655 -1.27) (size 2.51 1) (layers F.Cu F.Paste F.Mask)
      (net 15 /CTS))
    (pad 2 smd rect (at 1.655 1.27) (size 2.51 1) (layers F.Cu F.Paste F.Mask)
      (net 16 /RTS))
    (model ${KISYS3DMOD}/Connector_PinHeader_2.54mm.3dshapes/PinHeader_1x02_P2.54mm_Vertical_SMD_Pin1Left.wrl
      (at (xyz 0 0 0))
      (scale (xyz 1 1 1))
      (rotate (xyz 0 0 0))
    )
  )

  (module "SM06B-SRSS-TB(LF)(SN):JST_SM06B-SRSS-TB(LF)(SN)" (layer F.Cu) (tedit 60B1D9EE) (tstamp 60C60552)
    (at 178.77 100.38 90)
    (path /60B25782)
    (fp_text reference J3 (at -0.825 -1.875 90) (layer F.SilkS)
      (effects (font (size 1 1) (thickness 0.015)))
    )
    (fp_text value "SM06B-SRSS-TB(LF)(SN)" (at 11.875 5.765 90) (layer F.Fab)
      (effects (font (size 1 1) (thickness 0.015)))
    )
    (fp_line (start -4.65 5.025) (end -4.65 -1.025) (layer F.CrtYd) (width 0.05))
    (fp_line (start 4.65 5.025) (end -4.65 5.025) (layer F.CrtYd) (width 0.05))
    (fp_line (start 4.65 -1.025) (end 4.65 5.025) (layer F.CrtYd) (width 0.05))
    (fp_line (start -4.65 -1.025) (end 4.65 -1.025) (layer F.CrtYd) (width 0.05))
    (fp_circle (center -3.3 -0.5) (end -3.2 -0.5) (layer F.Fab) (width 0.2))
    (fp_circle (center -3.3 -0.5) (end -3.2 -0.5) (layer F.SilkS) (width 0.2))
    (fp_line (start -2.8 4.575) (end 2.8 4.575) (layer F.SilkS) (width 0.127))
    (fp_line (start 4 0.325) (end 4 2.6) (layer F.SilkS) (width 0.127))
    (fp_line (start 3.2 0.325) (end 4 0.325) (layer F.SilkS) (width 0.127))
    (fp_line (start -4 0.325) (end -4 2.6) (layer F.SilkS) (width 0.127))
    (fp_line (start -3.2 0.325) (end -4 0.325) (layer F.SilkS) (width 0.127))
    (fp_line (start -4 4.575) (end -4 0.325) (layer F.Fab) (width 0.127))
    (fp_line (start 4 4.575) (end -4 4.575) (layer F.Fab) (width 0.127))
    (fp_line (start 4 0.325) (end 4 4.575) (layer F.Fab) (width 0.127))
    (fp_line (start -4 0.325) (end 4 0.325) (layer F.Fab) (width 0.127))
    (pad 6 smd rect (at 2.5 0 90) (size 0.6 1.55) (layers F.Cu F.Paste F.Mask)
      (net 2 GND))
    (pad 1 smd rect (at -2.5 0 90) (size 0.6 1.55) (layers F.Cu F.Paste F.Mask)
      (net 17 /VCC_KIMCHI))
    (pad 2 smd rect (at -1.5 0 90) (size 0.6 1.55) (layers F.Cu F.Paste F.Mask)
      (net 18 "Net-(J3-Pad2)"))
    (pad 3 smd rect (at -0.5 0 90) (size 0.6 1.55) (layers F.Cu F.Paste F.Mask)
      (net 19 /RX))
    (pad 4 smd rect (at 0.5 0 90) (size 0.6 1.55) (layers F.Cu F.Paste F.Mask)
      (net 20 "Net-(J3-Pad4)"))
    (pad 5 smd rect (at 1.5 0 90) (size 0.6 1.55) (layers F.Cu F.Paste F.Mask)
      (net 15 /CTS))
    (pad S1 smd rect (at -3.8 3.875 90) (size 1.2 1.8) (layers F.Cu F.Paste F.Mask)
      (net 2 GND))
    (pad S2 smd rect (at 3.8 3.875 90) (size 1.2 1.8) (layers F.Cu F.Paste F.Mask)
      (net 2 GND))
  )

